sgd 1 0.5962961442138419 256 0.01169789530471805 glorot_uniform 154 3
Adam 3 0.6897718078670193 436 0.0008586557450824617 lecun_uniform 76 2
Adagrad 1 0.4849791426962412 53 0.01019949416492536 he_normal 93 3
Adadelta 1 0.6565310687170935 352 1.125996044764817 varscaling 112 3
Nadam 2 0.19890350963046646 190 0.0021356867635906195 he_uniform 199 3
Adamax 3 0.22707421109644232 467 0.0024043031531585054 glorot_uniform 151 2
Adam 1 0.4656102949391172 51 0.000987214189536878 glorot_normal 61 3
Nadam 3 0.5012596733720059 73 0.002468688737967386 varscaling 48 3
Adam 1 0.5324999286146201 476 0.001311183562528471 orth 147 2
sgd 2 0.3440842888211302 429 0.009547918773693721 glorot_uniform 125 3
Adam 2 0.11991277238385148 357 0.001107521449682388 he_normal 115 3
Nadam 1 0.41782220352437505 406 0.002040851464680305 runiform 136 2
Adamax 3 0.4014170516251754 231 0.002086621845643468 varscaling 87 3
Nadam 2 0.363215444348173 76 0.0016117021669737107 lecun_uniform 124 3
Nadam 3 0.3078389609623541 290 0.0020748440716911176 lecun_uniform 174 3
sgd 1 0.3461636082484033 352 0.0062559027771152236 he_uniform 172 1
Adagrad 1 0.528072495856158 197 0.011980178059671207 lecun_uniform 193 3
Nadam 2 0.11167166629077985 294 0.0020383284376129665 rnormal 150 3
Nadam 3 0.6632719539383901 341 0.002511567640655671 lecun_uniform 179 2
Adam 3 0.7466990394392318 214 0.0011517637543391186 rnormal 187 2
Nadam 3 0.7087876162632442 187 0.0019902434429468273 rnormal 81 1
sgd 1 0.42530502962576155 452 0.011481657860888086 runiform 187 3
Adamax 1 0.2888082034031151 261 0.001965652096181844 he_uniform 154 3
Adamax 1 0.6141305559868793 126 0.0019160888419308358 glorot_normal 61 3
sgd 2 0.6532741547453199 240 0.007751193603333628 varscaling 84 2
RMSprop 3 0.7336765835220843 483 0.001082621466980753 rnormal 77 2
Adagrad 3 0.33785493212057593 209 0.011577163378953786 he_normal 198 2
Adagrad 2 0.7363026384479074 433 0.00999501397570375 varscaling 158 3
Adam 3 0.12143025259481102 345 0.001001508121307761 orth 144 1
Adadelta 3 0.4154441987443934 272 1.2215696180141924 he_uniform 99 1
Adagrad 2 0.14665565597230296 49 0.00876631824781608 he_normal 60 2
Adagrad 3 0.6888151842427529 217 0.007868565807608129 rnormal 131 3
Adam 3 0.11560233382083114 87 0.0012956914393199373 runiform 147 3
Adamax 1 0.6556037186473501 118 0.001571427792407102 orth 109 3
Adam 3 0.27946078998753704 234 0.001256834611116287 runiform 78 3
Adam 3 0.3561271130662592 336 0.0009949480514177265 glorot_normal 82 3
Nadam 1 0.6483385650897142 404 0.0016928361047557302 he_normal 117 4
Adagrad 1 0.28230928636625263 73 0.011044901612552597 glorot_uniform 74 3
Adam 3 0.323214642534822 122 0.001086700295791458 runiform 177 3
sgd 1 0.6154215635585988 247 0.008957679022492946 varscaling 187 1
RMSprop 3 0.4003362957193052 138 0.0011163650287465202 he_uniform 181 3
Adamax 1 0.2551378229990393 227 0.0020284800731005218 he_normal 46 2
Nadam 1 0.19140057437244484 79 0.0022475829356706795 lecun_uniform 126 1
sgd 1 0.3405009512761925 476 0.010026361105329567 lecun_uniform 44 1
Adam 1 0.5967132313608073 241 0.0007436840616998979 lecun_uniform 182 4
Adadelta 3 0.5605026980549146 446 0.9780189451360992 runiform 198 3
Adamax 2 0.4875736751145008 211 0.0018786169720662513 glorot_normal 194 3
Adamax 2 0.6007977542224888 414 0.0018794503044670052 runiform 177 4
Nadam 3 0.1914468013720511 168 0.00226715906526986 glorot_normal 77 4
Adadelta 2 0.41321332919959286 376 1.0100486611630877 he_normal 130 4
Adam 3 0.4334112509995297 160 0.001277354024837773 glorot_uniform 89 2
RMSprop 1 0.16733242772429996 169 0.0013286891680705088 orth 108 4
Nadam 2 0.6093844174945007 352 0.0018487102141244557 rnormal 131 3
Nadam 3 0.4852558307879772 305 0.0025715610752161276 lecun_uniform 183 3
Adam 1 0.1895489364853763 318 0.0011966165256479158 orth 80 2
sgd 3 0.15392507383042417 215 0.009726874725540317 he_uniform 152 3
Adadelta 3 0.22747054091037064 334 1.1113420333909536 runiform 125 2
Nadam 3 0.3036889679151597 79 0.00171819555068084 he_normal 159 2
Nadam 3 0.7421101176761132 449 0.002370645386519423 runiform 121 4
RMSprop 2 0.27680887590062053 496 0.0010256884189239377 runiform 79 3
sgd 1 0.4535529392880566 202 0.0093718771382789 rnormal 197 4
Adadelta 3 0.41874204104041646 477 1.085758414002622 he_uniform 87 3
Adamax 2 0.7286493840849868 205 0.002698699985377398 orth 121 1
Adagrad 1 0.508390334098304 495 0.010769989629927574 orth 50 1
Nadam 3 0.6693393699321021 133 0.0013266293358491139 rnormal 151 2
RMSprop 1 0.1800882598243238 129 0.0008080030577554862 orth 128 2
Adam 2 0.7252651691311485 345 0.0007137533074113413 lecun_uniform 138 4
sgd 2 0.6481055113504302 435 0.01389222365613757 runiform 139 3
Adadelta 2 0.18463324736318487 79 0.7318047612943852 he_uniform 51 3
Nadam 3 0.5030302264091665 196 0.0021706340479488973 he_uniform 177 4
Adagrad 2 0.6013255653923992 480 0.00965189689506897 varscaling 110 1
Adam 1 0.10010027226062748 185 0.0012007688562091128 runiform 49 2
Adagrad 2 0.45085746017805317 424 0.00979078976077573 varscaling 64 3
Nadam 2 0.7105390021022262 338 0.0009070140994727406 varscaling 169 3
Adamax 1 0.20113952350008876 108 0.0020197079811755353 orth 153 4
Adamax 2 0.7091460906501135 116 0.001182936195948584 glorot_normal 160 1
Adamax 2 0.4507979460724476 477 0.0018685160224954586 he_normal 182 2
RMSprop 1 0.10641906781850836 47 0.000686384175139576 he_normal 142 3
Adadelta 2 0.2803026864259569 103 1.160390532269667 lecun_uniform 101 3
RMSprop 2 0.6131386987808863 496 0.0008748405483289974 he_normal 96 1
Adamax 2 0.6665804552130471 280 0.0021152658709395426 rnormal 151 2
Adam 2 0.28336025519867586 77 0.0011832847538433768 runiform 46 1
RMSprop 3 0.28326849678826993 494 0.0013388606245635342 glorot_uniform 155 2
sgd 2 0.353022060366856 412 0.007520507341494079 rnormal 124 3
Adamax 3 0.1962932947587285 174 0.0025814754470985654 runiform 183 3
Adagrad 2 0.49041491917332225 469 0.01209158751056796 rnormal 66 3
Nadam 3 0.1684574280111878 269 0.001917157334475809 orth 101 4
sgd 3 0.6050328208585289 30 0.01100237311495131 varscaling 174 3
Nadam 2 0.5431038186058659 149 0.0023711604034749685 he_normal 47 3
sgd 3 0.6187802691977743 449 0.010485456550616827 orth 176 2
sgd 3 0.18087010782442153 218 0.013892420682443458 glorot_normal 129 2
Adagrad 2 0.4329794250449738 54 0.00962209566689252 varscaling 70 2
sgd 2 0.6346955559786435 331 0.010165248325777988 orth 172 3
RMSprop 1 0.20678836388943678 104 0.00141891202062163 varscaling 170 2
sgd 1 0.6749731562161526 404 0.010113346862808797 lecun_uniform 91 2
RMSprop 1 0.46477483683914955 119 0.0010985133392551363 lecun_uniform 83 1
Adamax 3 0.3529139894622686 224 0.0025573077178478957 orth 192 3
Adadelta 3 0.5395479869255368 407 0.4905534364680164 runiform 100 1
Adagrad 3 0.7420512928069489 388 0.006017689469039553 glorot_uniform 185 3
RMSprop 3 0.3734564364993198 163 0.0011160323278658086 lecun_uniform 61 4
Adam 3 0.3359802953933726 447 0.0006265788071798015 he_normal 67 1
Adam 2 0.25445155257751756 296 0.0011029128180312913 glorot_uniform 45 3
Adagrad 1 0.4960408950877623 130 0.009959458100374156 lecun_uniform 156 3
sgd 3 0.26411477935286864 424 0.006305426830021258 orth 153 3
RMSprop 1 0.7276173947041192 127 0.0008611727226325607 glorot_uniform 44 1
Adam 1 0.6185020145992486 461 0.0011185634623587651 rnormal 162 3
Adagrad 2 0.4227980059814227 243 0.009063856622549823 orth 155 2
Adam 1 0.1313012504337734 201 0.0008558643635771682 he_normal 55 3
sgd 1 0.3583897226882147 269 0.006659333419536775 he_normal 49 1
sgd 1 0.11608261329841496 31 0.012121053076700455 glorot_normal 79 2
Adamax 1 0.29344321100790505 207 0.001109060020598547 glorot_uniform 175 3
Adam 1 0.5336658957280058 402 0.0011976850892066973 glorot_normal 154 3
RMSprop 1 0.6874648633287432 408 0.0011157848852118965 runiform 162 3
Adamax 1 0.4076381413580369 236 0.002446036824034056 varscaling 127 2
RMSprop 3 0.1953845203160629 283 0.0012384944553934063 runiform 150 4
Adagrad 2 0.49704795746130526 79 0.007427046181836602 rnormal 119 3
sgd 1 0.6286450028904744 245 0.008707643259168866 orth 43 4
Nadam 3 0.6618466223577081 496 0.0015430796697519173 he_normal 65 4
Adam 2 0.21599533503996166 474 0.000980761396115049 rnormal 70 4
Adamax 2 0.2220060524007052 33 0.002020041346815212 rnormal 108 1
RMSprop 1 0.6035851391685563 181 0.0009705122377391552 glorot_uniform 155 2
Adam 1 0.36159735693033845 286 0.0009421165949945971 he_uniform 112 2
sgd 3 0.3109216088885109 134 0.010431429415132469 runiform 141 2
Adagrad 2 0.18823068266202309 199 0.010020435789096517 he_uniform 47 2
Adagrad 2 0.5099483238668111 194 0.011359537582053377 he_normal 107 3
Adam 1 0.6653540106837775 408 0.0008358399612173683 he_normal 88 1
sgd 2 0.10569815618592562 422 0.008035647175003689 glorot_uniform 195 3
Adadelta 2 0.1344417262416923 157 0.9335227291934485 he_normal 114 4
Adam 1 0.1211347117537423 264 0.001134462050490608 he_normal 99 4
Adam 2 0.6511996641651406 436 0.0012116374389963568 runiform 183 1
Adamax 1 0.5947219353159257 159 0.002361747053615874 rnormal 174 3
RMSprop 3 0.5296011567522442 212 0.0010102439869223482 he_uniform 56 2
Nadam 3 0.7008846662467191 455 0.0012381515378903848 varscaling 59 4
Adagrad 2 0.67336194461053 363 0.012844420156388876 glorot_uniform 72 3
Adam 2 0.329849132283373 189 0.0008193950960747853 rnormal 84 4
Nadam 2 0.1316439212654803 440 0.0020202083798794017 orth 90 3
Adadelta 2 0.4476296354627298 320 0.8597471241831336 he_normal 175 3
RMSprop 1 0.5463010268067641 368 0.0013958704953063825 glorot_normal 63 2
Adam 3 0.5702753033435896 240 0.0011265746939514685 varscaling 130 4
Nadam 2 0.682101098841342 59 0.002271669257680255 rnormal 183 3
Nadam 1 0.5203042093915135 35 0.002340743737314952 rnormal 41 4
Adamax 2 0.2553873565538365 44 0.0020203476011560265 varscaling 176 4
Adagrad 3 0.3854484844504923 136 0.010575700272910469 orth 195 4
Nadam 1 0.24625452611677173 225 0.0023264920649313566 runiform 94 4
RMSprop 1 0.17428482371888154 44 0.0011362485669032917 orth 106 3
Adagrad 2 0.5753968455569192 162 0.011502605493795712 he_normal 181 1
Nadam 2 0.454795076102845 239 0.0020221864574233458 he_normal 107 2
Adamax 3 0.17004319842845173 216 0.002812994443972538 orth 186 1
Adamax 1 0.5742506866306586 295 0.0014484610723778236 rnormal 68 4
Adamax 3 0.1378230962441282 219 0.0013571269109020096 varscaling 161 4
Adamax 2 0.15148838881591276 284 0.001860764868721483 runiform 64 3
Nadam 1 0.14170476445275465 140 0.0025163698754384865 he_normal 145 2
RMSprop 1 0.21267625702104476 91 0.0011920579463588633 glorot_uniform 47 2
sgd 1 0.5828562914385406 333 0.009525563255098795 runiform 199 3
Adam 3 0.4003756580137887 50 0.000876256010160065 he_uniform 93 3
Adadelta 3 0.6862848535205025 92 1.055588769388866 glorot_normal 90 4
Adadelta 1 0.44564563190832474 404 1.237734093357778 varscaling 183 2
Adam 1 0.37220454537025893 96 0.0006900719996734076 glorot_uniform 71 2
sgd 3 0.618856098710093 83 0.015259727114782615 he_normal 167 4
Adagrad 3 0.30550816133067066 325 0.011094834871600737 he_uniform 146 4
sgd 2 0.11762634548847216 86 0.01646716820834357 lecun_uniform 71 3
Adam 3 0.1510157783933055 321 0.0005511634635938841 orth 167 2
Adagrad 2 0.6705915890760249 297 0.011289429706221868 he_normal 61 2
sgd 3 0.4734149883398041 439 0.011236504031656807 varscaling 89 2
RMSprop 3 0.10611521069779999 421 0.0008976991268992157 orth 57 4
Adamax 2 0.4823519201322224 136 0.0019465144038101083 glorot_normal 114 4
sgd 3 0.1515359065735474 166 0.008227013264457959 lecun_uniform 144 4
Nadam 2 0.10923835979490448 178 0.001109180492416177 runiform 159 2
Adadelta 3 0.509915548634097 379 0.8809033907724331 runiform 198 1
Adadelta 2 0.5994699695947352 85 1.1773523354179 glorot_uniform 132 3
Adamax 3 0.7152986941444568 39 0.002414810983189595 varscaling 189 1
Adamax 1 0.11396830577909689 282 0.0018331822459104119 he_uniform 139 1
Adamax 3 0.19766650903732896 118 0.0014058453227699546 he_normal 147 4
Adagrad 1 0.15288288193367347 266 0.016199836409368607 runiform 141 3
Adagrad 1 0.30087136902123945 75 0.013023485044286966 varscaling 80 3
Adadelta 3 0.2832262749720821 282 1.2525205576750946 he_uniform 185 3
Adamax 3 0.5264343259306667 291 0.0025024778150555035 glorot_uniform 166 3
Adadelta 1 0.6976924392694365 323 1.0548221187938098 varscaling 86 1
Adadelta 2 0.5504319018645054 343 1.2699183220941468 rnormal 168 4
Nadam 1 0.6612125498762274 269 0.0022680726388080853 he_normal 129 2
RMSprop 3 0.5925827073181621 208 0.0011433481039023153 lecun_uniform 130 4
Adamax 1 0.3497564110433481 145 0.002106483283593674 rnormal 163 3
Adagrad 2 0.6225652718209636 353 0.0059226941493415765 glorot_normal 78 1
sgd 3 0.29969009928537094 419 0.009241434390763532 glorot_normal 47 3
Nadam 2 0.17848732296395292 225 0.0021854206555104692 he_uniform 185 2
Adagrad 3 0.18940931399330574 94 0.010717484992077165 varscaling 65 3
sgd 2 0.3235635943932229 485 0.009720458346027843 rnormal 53 2
Adagrad 2 0.14113025518695027 307 0.008790745272787802 glorot_uniform 70 2
RMSprop 3 0.18275301523569154 271 0.0013145402568660795 glorot_uniform 194 2
Nadam 3 0.3351648591605622 262 0.0020595848574184793 glorot_normal 136 3
Adamax 1 0.2918683330499587 475 0.001311724091553547 rnormal 192 2
Nadam 1 0.6099310894609759 418 0.0021438015146495078 lecun_uniform 81 3
Adam 3 0.14870351427861916 283 0.0013846924479096346 lecun_uniform 177 1
Adadelta 2 0.37316834020787093 83 1.5535248319789279 runiform 59 4
RMSprop 2 0.31548475745341276 350 0.0010168378959888604 orth 40 2
sgd 1 0.6897382801010008 249 0.011515892758440359 varscaling 147 2
Adamax 1 0.4963205328747403 421 0.0019107780976477776 he_normal 125 2
Nadam 1 0.3258770959134367 105 0.002118961618716721 glorot_uniform 73 2
Adamax 1 0.7112047697968507 418 0.0011407240364901378 glorot_uniform 184 1
sgd 2 0.2572646734896593 197 0.007314201084137413 orth 135 3
